12196246221116293539829081328604201616947934540493681923337
193
5454658667965481801475881307368950020783908545117568437319138204953968905243562526373814547129
222458178609262741661088821923611175987
104633990297587019858803036415454140518
209267980595174039717606072830908281037
78253594269409615971837538230048350618
156507188538819231943675076460096701237
313014377077638463887350152920193402475
285746387234338464311325698408618593495
231210407547738465159276789385468975535
122138448174538466855178971339169739615
244276896349076933710357942678339479230
148271425777215403957341277924910747005
296542851554430807914682555849821494010
252803336187923152365990504267874776564
165324305454907841268606401103981341673
330648610909815682537212802207962683347
321014854898692901611050996984157155238
301747342876447339758727386536546099020
263212318831956216054080165641323986584
186142270742973968644785723850879761713
32002174565009473826196840269991311970
64004349130018947652393680539982623940
128008698260037895304787361079965247881
256017396520075790609574722159930495763
171752426119213117755774836888092780070
3222485317487772048175066344417348684
6444970634975544096350132688834697368
12889941269951088192700265377669394737
25779882539902176385400530755338789474
51559765079804352770801061510677578948
103119530159608705541602123021355157897
206239060319217411083204246042710315795
72195753717496358703033884653652420134
144391507434992717406067769307304840268
288783014869985434812135538614609680536
237283662819032406160896469797451149617
134284958717126348858418332163134087778
268569917434252697716836664326268175557
196857467947566931970298721220768139659
53432568974195400477222835009768067863
106865137948390800954445670019536135727
213730275896781601908891340039072271455
87178184872624740354408072646376331454
174356369745249480708816145292752662909
8430372569560497954257683153737114362
16860745139120995908515366307474228725
33721490278241991817030732614948457450
67442980556483983634061465229896914901
134885961112967967268122930459793829802
269771922225935934536245860919587659604
199261477530933405609117114407407107752
58240588140928347754859621383046004049
116481176281856695509719242766092008099
232962352563713391019438485532184016199
125642338206488318575502363632599820942
251284676412976637151004727265199641884
162286985905014810838634847098631072313
324573971810029621677269694197262144626
308865576699120779891164780962756077796
277448786477303096318954954493743944137
214615206033667729174535301555719676818
88948045146396994885695995679671142180
177896090292793989771391991359342284361
15509813664649516079409375286916357266
31019627329299032158818750573832714532
62039254658598064317637501147665429065
124078509317196128635275002295330858130
248157018634392257270550004590661716261
156031670347846051077725401749555221067
312063340695692102155450803499110442134
283844314470445740847526999566452672812
227406262019953018231679391701137134168
114530157118967572999984175970506056881
229060314237935145999968351941012113763
117838261554931828536562096450256016070
235676523109863657073124192900512032141
131070679298788850682873778369255852827
262141358597577701365747556738511705654
184000350274216939268120506045255199853
27718333627495415072866404658742188250
55436667254990830145732809317484376501
110873334509981660291465618634968753003
221746669019963320582931237269937506006
103210971118988177702487867108106800557
206421942237976355404975734216213601114
72561517555014247346576861000658990773
145123035110028494693153722001317981547
290246070220056989386307444002635963095
240209773519175515309240280573503714734
140137180117412567155105953715239218012
280274360234825134310211907430478436025
220266353548711805157049207429188660594
100250340176485146850723807426609109732
200500680352970293701447614853218219464
60718993785002123939520622274668227472
121437987570004247879041244549336454944
242875975140008495758082489098672909888
145469583359078528052790370765577608321
290939166718157056105580741531155216642
241595966515375648747786875630542221829
142909566109812834032199143829316232202
285819132219625668064398287658632464405
231355897518312872665421967885496717354
122429428115687281867469328339225223253
244858856231374563734938656678450446506
149435345541810664006502705925132681557
298870691083621328013005411850265363115
257459015246304192562636216268762514775
174635663571669921661897825105756818094
8988960222401379860421042779745424732
17977920444802759720842085559490849465
35955840889605519441684171118981698931
71911681779211038883368342237963397863
143823363558422077766736684475926795727
287646727116844155533473368951853591455
235011087312749847603572130471938971455
129739807704561231743769653512109731455
259479615409122463487539307024219462910
178676863897306463511704006616670714365
17071360873674463560033405801573217275
34142721747348927120066811603146434550
68285443494697854240133623206292869101
136570886989395708480267246412585738202
273141773978791416960534492825171476404
206001181036644370457694378218574741353
71719995152350277452014149005381271250
143439990304700554904028298010762542501
286879980609401109808056596021525085002
233477594297863756152738584611281958548
126672821674789048842102561790795705640
253345643349578097684205123581591411280
166408919778217731905035639731414611104
332817839556435463810071279462829222208
325353312191932464156767951493890232961
310424257462926464850161295556012254467
280566148004914466236947983680256297479
220849929088890469010521359928744383503
101417491256842474557668112425720555550
202834982513684949115336224851441111100
65387598106431434767297842271114010744
130775196212862869534595684542228021488
261550392425725739069191369084456042976
182818417930513014675008130737143874497
25354468940087565886641654042519537538
50708937880175131773283308085039075076
101417875760350263546566616170078150152
202835751520700527093133232340156300305
65389136120462590722891857248544389154
130778272240925181445783714497088778308
261556544481850362891567428994177556616
182830722042762262319760250556586901777
25379077164586061176145893681405592099
50758154329172122352291787362811184198
101516308658344244704583574725622368397
203032617316688489409167149451244736794
65782867712438515354959691470721262132
131565735424877030709919382941442524264
263131470849754061419838765882885048528
185980574778569659376302924334001885600
31678782636200855289231241236235559745
63357565272401710578462482472471119491
126715130544803421156924964944942238983
253430261089606842313849929889884477967
166578155258275221164325252348000744478
333156310516550442328650504696001488956
326030254112162421193926401960234766456
311778141303386378924478196488701321457
283273915685834294385581785545634431459
226265464450730125307788963659500651462
112248561980521787152203319887233091469
224497123961043574304406639774466182938
108711881001148685145438672117164154420
217423762002297370290877344234328308841
94565157083656277118380081036888406227
189130314167312554236760162073776812454
37978261413686645010145716715785413452
75956522827373290020291433431570826905
151913045654746580040582866863141653810
303826091309493160081165733726283307621
267369815698047856698956860020798403786
194457264475157249934539112609828596117
48632162029376036405703617787888980779
97264324058752072811407235575777961559
194528648117504145622814471151555923118
48774929314069827782254334871343634780
97549858628139655564508669742687269561
97549858628139655564508669742687269561
12479266897905039698665017884745216697
12479266897905039698665017884745216697
12479266897905039698665017884745216697
1845442931625712715434561402502460089
1845442931625712715434561402502460089
1845442931625712715434561402502460089
516214935840796842530754342222115513
516214935840796842530754342222115513
183907936894567874304802577152029369
17754437421453390191826694616986297
17754437421453390191826694616986297
17754437421453390191826694616986297
17754437421453390191826694616986297
7369843704383734934765701958546105
2177546845848907306235205629326009
2177546845848907306235205629326009
879472631215200399102581547020985
230435523898346945536269505868473
230435523898346945536269505868473
68176247069133582144691495580345
68176247069133582144691495580345
27611427861830241296796993008313
7329018258178570872849741722297
7329018258178570872849741722297
2258415857265653266862928900793
2258415857265653266862928900793
990765257037423865366225695417
356939956923309164617874092729
40027306866251814243698291385
40027306866251814243698291385
40027306866251814243698291385
413225609119645446926316217
413225609119645446926316217
413225609119645446926316217
413225609119645446926316217
413225609119645446926316217
413225609119645446926316217
413225609119645446926316217
103740599298300378201535161
103740599298300378201535161
26369346842964111020339897
26369346842964111020339897
7026533729130044225041081
7026533729130044225041081
2190830450671527526216377
2190830450671527526216377
981904631056898351510201
377441721249583764157113
75210266345926470480569
75210266345926470480569
75210266345926470480569
37431334482969308771001
18541868551490727916217
9097135585751437488825
4374769102881792275129
2013585861446969668281
832994240729558364857
242698430370852713145
242698430370852713145
95124477781176300217
21337501486338093753
21337501486338093753
2890757412628542137
2890757412628542137
2890757412628542137
584914403414848185
584914403414848185
8453651111424697
8453651111424697
8453651111424697
8453651111424697
8453651111424697
8453651111424697
8453651111424697
3950051484054201
1698251670368953
572351763526329
9401810105017
9401810105017
9401810105017
9401810105017
9401810105017
9401810105017
605717082809
605717082809
605717082809
605717082809
55961268921
55961268921
55961268921
55961268921
21601530553
4421661369
4421661369
126694073
126694073
126694073
126694073
126694073
126694073
59585209
26030777
9253561
864953
864953
864953
864953
340665
78521
78521
12985
12985
12985
4793
697
697
697
185
185
57
57
25
9
1
1
1