0000250000000000

0000000000000000

0000250000000000

0000000000000000

0000210000000000

0000000000000000

0000270000000000

0000000000000000

0000250000000000

0000000000000000

0000270000000000

0000000000000000

0000250000000000

0000000000000000

00001e0000000000

0000000000000000

0000270000000000

0000000000000000

0000250000000000

0000000000000000

0000250000000000

0000000000000000

00001f0000000000

0000000000000000

00001e0000000000

0000000000000000

0000270000000000

0000000000000000

0000250000000000

0000000000000000

00001e0000000000

0000000000000000

0000270000000000

0000000000000000

0000250000000000

0000000000000000

0000250000000000

0000000000000000

00001f0000000000

0000000000000000

00001e0000000000

0000000000000000

0000270000000000

0000000000000000

0000210000000000

0000000000000000

00001f0000000000

0000000000000000

0000270000000000

0000000000000000

0000250000000000

0000000000000000

0000210000000000

0000000000000000

0000270000000000

0000000000000000

00001e0000000000

0000000000000000

0000270000000000

0000000000000000

0000210000000000

0000000000000000

00001f0000000000

0000000000000000

00001e0000000000

0000000000000000

